# FONLL heavy quark hadroproduction cross section, calculated on Fri Aug 22 16:33:26 CEST 2025
# FONLL version and perturbative order: ## FONLL v1.3.4 fonll [ds/dpt^2dy (pb/GeV^2)]
# quark = bottom
# final state = meson. NP params (cm,lm,hm) = 24.2, 26.7, 22.2
# BR(q->meson) = 0.405
# ebeam1 = 6500, ebeam2 = 6500
# PDF set = NNPDF30_nlo_as_0118
# ptmin = 0.5
# ptmax = 1
# ymin  = 2.0
# ymax  = 2.5
# Uncertainties from scales, masses, PDFs combined quadratically
# cross section is sigma (pb)
ptmin ptmax central min max min_sc max_sc min_mass max_mass min_pdf max_pdf fr=.5.5 fr=22 fr=21 fr=12 fr=1.5 fr=.51
0.0000 0.5000 1.1430e+05 5.2426e+04 1.7978e+05 5.6730e+04 1.7330e+05 9.3240e+04 1.4140e+05 1.0590e+05 1.2280e+05 9.6740e+04 1.1980e+05 1.5390e+05 8.1950e+04 1.7330e+05 5.6730e+04
0.5000 1.0000 3.2020e+05 1.5036e+05 4.9603e+05 1.6230e+05 4.7790e+05 2.6210e+05 3.9440e+05 2.9700e+05 3.4350e+05 2.7470e+05 3.3480e+05 4.2350e+05 2.3170e+05 4.7790e+05 1.6230e+05
1.0000 1.5000 4.8360e+05 2.3353e+05 7.3656e+05 2.5100e+05 7.0990e+05 3.9830e+05 5.9140e+05 4.4960e+05 5.1760e+05 4.2030e+05 5.0510e+05 6.3040e+05 3.5330e+05 7.0990e+05 2.5100e+05
1.5000 2.0000 5.9670e+05 2.9748e+05 8.9401e+05 3.1810e+05 8.6260e+05 4.9510e+05 7.2360e+05 5.5680e+05 6.3650e+05 5.2610e+05 6.2200e+05 7.6860e+05 4.3990e+05 8.6260e+05 3.1810e+05
2.0000 2.5000 6.6200e+05 3.4115e+05 9.7979e+05 3.6280e+05 9.4710e+05 5.5370e+05 7.9620e+05 6.2080e+05 7.0320e+05 5.9270e+05 6.8770e+05 8.4620e+05 4.9130e+05 9.4710e+05 3.6280e+05
2.5000 3.0000 6.8690e+05 3.6552e+05 1.0089e+06 3.8670e+05 9.7780e+05 5.7910e+05 8.1920e+05 6.4760e+05 7.2630e+05 6.2500e+05 7.0940e+05 8.7460e+05 5.1160e+05 9.7780e+05 3.8670e+05
3.0000 3.5000 6.8000e+05 3.7318e+05 9.9461e+05 3.9290e+05 9.6700e+05 5.7780e+05 8.0390e+05 6.4440e+05 7.1550e+05 6.2920e+05 6.9670e+05 8.6410e+05 5.0690e+05 9.6700e+05 3.9290e+05
3.5000 4.0000 6.4970e+05 3.6742e+05 9.4837e+05 3.8500e+05 9.2500e+05 5.5670e+05 7.6130e+05 6.1860e+05 6.8070e+05 6.1150e+05 6.5970e+05 8.2450e+05 4.8410e+05 9.2500e+05 3.8500e+05
4.0000 4.5000 6.0410e+05 3.5167e+05 8.8085e+05 3.6690e+05 8.6180e+05 5.2190e+05 7.0150e+05 5.7760e+05 6.3050e+05 5.7850e+05 6.0760e+05 7.6530e+05 4.4970e+05 8.6180e+05 3.6690e+05
4.5000 5.0000 5.5010e+05 3.2932e+05 8.0118e+05 3.4220e+05 7.8600e+05 4.7920e+05 6.3320e+05 5.2790e+05 5.7220e+05 5.3590e+05 5.4800e+05 6.9500e+05 4.0920e+05 7.8600e+05 3.4220e+05
5.0000 5.5000 4.9310e+05 3.0316e+05 7.1705e+05 3.1390e+05 7.0510e+05 4.3290e+05 5.6290e+05 4.7460e+05 5.1150e+05 4.8830e+05 4.8670e+05 6.2080e+05 3.6660e+05 7.0510e+05 3.1390e+05
5.5000 6.0000 4.3690e+05 2.7557e+05 6.3405e+05 2.8440e+05 6.2470e+05 3.8650e+05 4.9490e+05 4.2170e+05 4.5220e+05 4.3940e+05 4.2750e+05 5.4770e+05 3.2490e+05 6.2470e+05 2.8440e+05
6.0000 6.5000 3.8400e+05 2.4795e+05 5.5570e+05 2.5520e+05 5.4840e+05 3.4200e+05 4.3190e+05 3.7150e+05 3.9660e+05 3.9170e+05 3.7280e+05 4.7900e+05 2.8580e+05 5.4840e+05 2.5520e+05
6.5000 7.0000 3.3570e+05 2.2116e+05 4.8410e+05 2.2710e+05 4.7840e+05 3.0080e+05 3.7510e+05 3.2530e+05 3.4600e+05 3.4630e+05 3.2340e+05 4.1640e+05 2.5010e+05 4.7840e+05 2.2710e+05
7.0000 7.5000 2.9240e+05 1.9637e+05 4.2007e+05 2.0120e+05 4.1560e+05 2.6360e+05 3.2480e+05 2.8380e+05 3.0090e+05 3.0460e+05 2.7990e+05 3.6070e+05 2.1830e+05 4.1560e+05 2.0120e+05
7.5000 8.0000 2.5420e+05 1.7459e+05 3.6364e+05 1.7860e+05 3.6010e+05 2.3030e+05 2.8090e+05 2.4710e+05 2.6130e+05 2.6840e+05 2.4190e+05 3.1180e+05 1.9010e+05 3.6010e+05 1.7860e+05
8.0000 8.5000 2.2080e+05 1.5526e+05 3.1451e+05 1.5860e+05 3.1170e+05 2.0100e+05 2.4280e+05 2.1490e+05 2.2670e+05 2.3650e+05 2.0900e+05 2.6930e+05 1.6560e+05 3.1170e+05 1.5860e+05
8.5000 9.0000 1.9190e+05 1.3684e+05 2.7205e+05 1.3960e+05 2.6980e+05 1.7540e+05 2.1010e+05 1.8700e+05 1.9680e+05 2.0690e+05 1.8080e+05 2.3260e+05 1.4430e+05 2.6980e+05 1.3960e+05
9.0000 9.5000 1.6690e+05 1.2053e+05 2.3541e+05 1.2280e+05 2.3360e+05 1.5320e+05 1.8200e+05 1.6270e+05 1.7100e+05 1.8080e+05 1.5660e+05 2.0120e+05 1.2590e+05 2.3360e+05 1.2280e+05
9.5000 10.0000 1.4530e+05 1.0633e+05 2.0407e+05 1.0820e+05 2.0260e+05 1.3390e+05 1.5790e+05 1.4180e+05 1.4880e+05 1.5830e+05 1.3580e+05 1.7420e+05 1.0990e+05 2.0260e+05 1.0820e+05
10.0000 10.5000 1.2680e+05 9.3876e+04 1.7709e+05 9.5450e+04 1.7590e+05 1.1720e+05 1.3730e+05 1.2380e+05 1.2970e+05 1.3880e+05 1.1810e+05 1.5120e+05 9.6200e+04 1.7590e+05 9.5450e+04
10.5000 11.5000 2.0780e+05 1.5600e+05 2.8821e+05 1.5840e+05 2.8640e+05 1.9290e+05 2.2410e+05 2.0320e+05 2.1250e+05 2.2870e+05 1.9280e+05 2.4590e+05 1.5840e+05 2.8640e+05 1.5870e+05
11.5000 12.5000 1.6010e+05 1.2122e+05 2.1986e+05 1.2290e+05 2.1860e+05 1.4930e+05 1.7180e+05 1.5670e+05 1.6350e+05 1.7710e+05 1.4780e+05 1.8760e+05 1.2290e+05 2.1860e+05 1.2430e+05
12.5000 14.0000 1.8520e+05 1.4158e+05 2.5138e+05 1.4330e+05 2.5010e+05 1.7370e+05 1.9760e+05 1.8140e+05 1.8900e+05 2.0530e+05 1.7080e+05 2.1530e+05 1.4330e+05 2.5010e+05 1.4600e+05
14.0000 16.5000 1.8440e+05 1.4295e+05 2.4590e+05 1.4440e+05 2.4480e+05 1.7410e+05 1.9540e+05 1.8090e+05 1.8800e+05 2.0650e+05 1.6890e+05 2.1080e+05 1.4440e+05 2.4480e+05 1.4980e+05
16.5000 23.5000 2.0430e+05 1.6240e+05 2.6371e+05 1.6360e+05 2.6280e+05 1.9500e+05 2.1400e+05 2.0070e+05 2.0790e+05 2.3000e+05 1.8640e+05 2.2810e+05 1.6360e+05 2.6280e+05 1.7280e+05
23.5000 40.0000 8.1770e+04 6.7753e+04 1.0006e+05 6.8030e+04 9.9840e+04 7.9300e+04 8.4280e+04 8.0510e+04 8.3040e+04 9.1790e+04 7.4600e+04 8.8310e+04 6.8030e+04 9.9840e+04 7.3090e+04
